7 0.17447916666666666 0.5111111111111111 0.13020833333333334 0.6685185185185185
7 0.3338541666666667 0.48518518518518516 0.23541666666666666 0.9629629629629629
7 0.5111979166666667 0.2300925925925926 0.14010416666666667 0.44351851851851853
7 0.55 0.5597222222222222 0.21770833333333334 0.875
7 0.78828125 0.5462962962962963 0.29635416666666664 0.9074074074074074
7 0.8734375 0.5236111111111111 0.21145833333333333 0.9527777777777777
0 0.09661458333333334 0.4597222222222222 0.1921875 0.7453703703703703
0 0.3234375 0.1388888888888889 0.5989583333333334 0.23703703703703705
0 0.8729166666666667 0.16666666666666666 0.25416666666666665 0.25
0 0.9489583333333333 0.4324074074074074 0.10208333333333333 0.2574074074074074
0 0.6630208333333333 0.06898148148148148 0.026041666666666668 0.12314814814814815
