7 0.6651041666666667 0.6162037037037037 0.2947916666666667 0.7527777777777778
7 0.55390625 0.4439814814814815 0.11197916666666667 0.5342592592592592
7 0.5091145833333334 0.39675925925925926 0.06614583333333333 0.425
7 0.7921875 0.3819444444444444 0.0875 0.33240740740740743
7 0.70859375 0.2773148148148148 0.0390625 0.1527777777777778
7 0.67265625 0.24259259259259258 0.043229166666666666 0.08888888888888889
7 0.6596354166666667 0.26481481481481484 0.019270833333333334 0.024074074074074074
7 0.7442708333333333 0.26064814814814813 0.017708333333333333 0.10833333333333334
7 0.7713541666666667 0.26805555555555555 0.016666666666666666 0.025
7 0.8744791666666667 0.46574074074074073 0.07604166666666666 0.5351851851851852
7 0.84921875 0.23055555555555557 0.030729166666666665 0.06296296296296296
7 0.93203125 0.4324074074074074 0.0453125 0.45925925925925926
7 0.9744791666666667 0.4199074074074074 0.04791666666666667 0.4583333333333333
2 0.3145833333333333 0.44305555555555554 0.6 0.8583333333333333
0 0.24244791666666668 0.5041666666666667 0.4671875 0.937962962962963
0 0.5 0.08888888888888889 0.051041666666666666 0.05
0 0.49947916666666664 0.1425925925925926 0.03958333333333333 0.040740740740740744
0 0.49765625 0.18518518518518517 0.03802083333333333 0.03333333333333333
0 0.6020833333333333 0.1425925925925926 0.10416666666666667 0.05740740740740741
0 0.55078125 0.1537037037037037 0.0171875 0.044444444444444446
0 0.6265625 0.2101851851851852 0.08958333333333333 0.05925925925925926
0 0.6947916666666667 0.18425925925925926 0.034375 0.03888888888888889
0 0.7619791666666667 0.18333333333333332 0.10520833333333333 0.04814814814814815
0 0.7627604166666667 0.13287037037037036 0.1140625 0.04537037037037037
0 0.7911458333333333 0.09166666666666666 0.07083333333333333 0.04259259259259259
0 0.8419270833333333 0.10092592592592593 0.021354166666666667 0.04814814814814815
0 0.86640625 0.08611111111111111 0.022395833333333334 0.03888888888888889
0 0.8338541666666667 0.14629629629629629 0.023958333333333335 0.02962962962962963
0 0.8643229166666667 0.14814814814814814 0.028645833333333332 0.03333333333333333
0 0.8479166666666667 0.19583333333333333 0.05 0.026851851851851852
0 0.9416666666666667 0.11898148148148148 0.11666666666666667 0.13055555555555556
