7 0.03359375 0.7277777777777777 0.06614583333333333 0.3851851851851852
7 0.1453125 0.4648148148148148 0.21666666666666667 0.4666666666666667
7 0.3729166666666667 0.5907407407407408 0.15625 0.5944444444444444
7 0.35130208333333335 0.3347222222222222 0.10364583333333334 0.15648148148148147
7 0.44140625 0.46574074074074073 0.08385416666666666 0.4666666666666667
7 0.40625 0.2337962962962963 0.04479166666666667 0.21574074074074073
7 0.43854166666666666 0.1787037037037037 0.019791666666666666 0.022222222222222223
7 0.46901041666666665 0.4013888888888889 0.0546875 0.44166666666666665
7 0.496875 0.19444444444444445 0.051041666666666666 0.1111111111111111
7 0.51796875 0.5680555555555555 0.049479166666666664 0.6398148148148148
7 0.5901041666666667 0.6324074074074074 0.18020833333333333 0.7277777777777777
7 0.5567708333333333 0.2949074074074074 0.05416666666666667 0.25277777777777777
7 0.6869791666666667 0.4162037037037037 0.075 0.4305555555555556
7 0.63046875 0.2569444444444444 0.05572916666666667 0.08425925925925926
7 0.7356770833333334 0.225 0.050520833333333334 0.13148148148148148
7 0.7619791666666667 0.3263888888888889 0.059375 0.28055555555555556
7 0.7958333333333333 0.5064814814814815 0.07604166666666666 0.42962962962962964
7 0.82421875 0.2375 0.049479166666666664 0.06388888888888888
7 0.8794270833333333 0.625 0.1421875 0.75
7 0.9653645833333333 0.3837962962962963 0.04635416666666667 0.4027777777777778
7 0.9848958333333333 0.7393518518518518 0.030208333333333334 0.5212962962962963
2 0.13463541666666667 0.28888888888888886 0.2526041666666667 0.5407407407407407
3 0.2864583333333333 0.48842592592592593 0.035416666666666666 0.06759259259259259
0 0.29010416666666666 0.16203703703703703 0.10208333333333333 0.2074074074074074
0 0.28177083333333336 0.02962962962962963 0.09166666666666666 0.05185185185185185
0 0.24375 0.16296296296296298 0.035416666666666666 0.18888888888888888
0 0.3625 0.16203703703703703 0.065625 0.17962962962962964
0 0.3609375 0.03657407407407407 0.06145833333333333 0.05648148148148148
0 0.42161458333333335 0.03194444444444444 0.05260416666666667 0.05462962962962963
0 0.42291666666666666 0.13055555555555556 0.046875 0.11481481481481481
0 0.478125 0.04490740740740741 0.053125 0.08055555555555556
0 0.4791666666666667 0.14166666666666666 0.04583333333333333 0.07962962962962963
0 0.53984375 0.04722222222222222 0.059895833333333336 0.07222222222222222
0 0.5424479166666667 0.14583333333333334 0.06614583333333333 0.10092592592592593
0 0.6130208333333333 0.050462962962962966 0.07395833333333333 0.08981481481481482
0 0.6455729166666667 0.15833333333333333 0.1296875 0.11481481481481481
0 0.6770833333333334 0.07175925925925926 0.05 0.06018518518518518
0 0.6888020833333334 0.03518518518518519 0.0359375 0.04814814814814815
0 0.7893229166666667 0.03425925925925926 0.1515625 0.040740740740740744
0 0.7841145833333333 0.08703703703703704 0.14635416666666667 0.04814814814814815
0 0.7901041666666667 0.16203703703703703 0.15625 0.08148148148148149
0 0.9463541666666667 0.15787037037037038 0.10416666666666667 0.049074074074074076
0 0.9518229166666666 0.09074074074074075 0.09635416666666667 0.05740740740740741
0 0.95 0.020370370370370372 0.08645833333333333 0.02962962962962963
