7 0.03697916666666667 0.8513888888888889 0.07083333333333333 0.23055555555555557
7 0.13515625 0.5032407407407408 0.2609375 0.47685185185185186
7 0.3484375 0.5708333333333333 0.10625 0.5509259259259259
7 0.39401041666666664 0.6319444444444444 0.1515625 0.6398148148148148
7 0.4546875 0.48842592592592593 0.078125 0.5046296296296297
7 0.42526041666666664 0.2689814814814815 0.049479166666666664 0.225
7 0.47552083333333334 0.4625 0.0625 0.5231481481481481
7 0.44973958333333336 0.19583333333333333 0.021354166666666667 0.04722222222222222
7 0.515625 0.2337962962962963 0.06354166666666666 0.15833333333333333
7 0.5338541666666666 0.6083333333333333 0.06041666666666667 0.6074074074074074
7 0.5692708333333333 0.33611111111111114 0.065625 0.2962962962962963
7 0.5893229166666667 0.2611111111111111 0.04114583333333333 0.2111111111111111
7 0.6388020833333333 0.6546296296296297 0.1734375 0.6777777777777778
7 0.634375 0.2851851851851852 0.058333333333333334 0.05925925925925926
7 0.7151041666666667 0.47175925925925927 0.06458333333333334 0.4398148148148148
7 0.7143229166666667 0.2518518518518518 0.049479166666666664 0.04259259259259259
7 0.7825520833333334 0.3611111111111111 0.05677083333333333 0.29814814814814816
7 0.76953125 0.25601851851851853 0.04114583333333333 0.1527777777777778
7 0.8265625 0.5722222222222222 0.08020833333333334 0.48148148148148145
7 0.8486979166666667 0.2847222222222222 0.0671875 0.0787037037037037
7 0.90625 0.6458333333333334 0.14895833333333333 0.7027777777777777
7 0.93984375 0.29953703703703705 0.04010416666666667 0.06018518518518518
2 0.13932291666666666 0.32037037037037036 0.26614583333333336 0.562962962962963
0 0.13723958333333333 0.3449074074074074 0.2682291666666667 0.6675925925925926
0 0.3 0.16805555555555557 0.08645833333333333 0.19166666666666668
0 0.29401041666666666 0.03981481481481482 0.0890625 0.06111111111111111
0 0.37552083333333336 0.1550925925925926 0.06666666666666667 0.16944444444444445
0 0.3671875 0.03657407407407407 0.06145833333333333 0.062037037037037036
0 0.4244791666666667 0.14212962962962963 0.05625 0.13796296296296295
0 0.43125 0.0375 0.05 0.049074074074074076
0 0.4864583333333333 0.04861111111111111 0.057291666666666664 0.08796296296296297
0 0.48984375 0.16620370370370371 0.059895833333333336 0.12129629629629629
0 0.5502604166666667 0.16527777777777777 0.06197916666666667 0.13425925925925927
0 0.5908854166666667 0.04722222222222222 0.13802083333333334 0.08518518518518518
0 0.65 0.16666666666666666 0.12291666666666666 0.14074074074074075
0 0.6911458333333333 0.06527777777777778 0.035416666666666666 0.04537037037037037
0 0.69453125 0.028703703703703703 0.03697916666666667 0.04259259259259259
0 0.7997395833333333 0.032407407407407406 0.15885416666666666 0.046296296296296294
0 0.796875 0.0912037037037037 0.165625 0.05462962962962963
0 0.7955729166666666 0.1824074074074074 0.1546875 0.11296296296296296
0 0.9473958333333333 0.16435185185185186 0.10208333333333333 0.06944444444444445
0 0.9557291666666666 0.09490740740740741 0.08854166666666667 0.08055555555555556
0 0.96015625 0.02546296296296296 0.07552083333333333 0.032407407407407406
