7 0.18776041666666668 0.5435185185185185 0.21302083333333333 0.5037037037037037
7 0.37526041666666665 0.5675925925925925 0.09427083333333333 0.412962962962963
7 0.42734375 0.7032407407407407 0.13489583333333333 0.5824074074074074
7 0.48072916666666665 0.5513888888888889 0.0875 0.47685185185185186
7 0.50078125 0.42407407407407405 0.07552083333333333 0.3111111111111111
7 0.46171875 0.3384259259259259 0.06927083333333334 0.24722222222222223
7 0.4973958333333333 0.2611111111111111 0.040625 0.10740740740740741
7 0.5473958333333333 0.3037037037037037 0.051041666666666666 0.18518518518518517
7 0.5643229166666667 0.6907407407407408 0.06614583333333333 0.6055555555555555
7 0.59921875 0.46944444444444444 0.0640625 0.45
7 0.61171875 0.32685185185185184 0.05364583333333333 0.24814814814814815
7 0.6497395833333334 0.4925925925925926 0.04635416666666667 0.39444444444444443
7 0.671875 0.6916666666666667 0.1625 0.5851851851851851
7 0.7528645833333333 0.45925925925925926 0.07447916666666667 0.2611111111111111
7 0.7380208333333333 0.3490740740740741 0.06770833333333333 0.13703703703703704
7 0.8213541666666667 0.475 0.058333333333333334 0.4388888888888889
7 0.834375 0.2800925925925926 0.053125 0.0824074074074074
7 0.8921875 0.7157407407407408 0.11458333333333333 0.5277777777777778
7 0.8919270833333334 0.3861111111111111 0.11510416666666666 0.18888888888888888
7 0.9682291666666667 0.4027777777777778 0.06354166666666666 0.0962962962962963
7 0.9588541666666667 0.7310185185185185 0.08229166666666667 0.537962962962963
2 0.15963541666666667 0.3837962962962963 0.31614583333333335 0.7064814814814815
3 0.3203125 0.5356481481481481 0.03333333333333333 0.075
0 0.3223958333333333 0.17407407407407408 0.0875 0.1962962962962963
0 0.3846354166666667 0.16527777777777777 0.06614583333333333 0.1638888888888889
0 0.44427083333333334 0.17083333333333334 0.058333333333333334 0.15648148148148147
0 0.31276041666666665 0.03287037037037037 0.0734375 0.06388888888888888
0 0.38671875 0.044444444444444446 0.06510416666666667 0.07407407407407407
0 0.44895833333333335 0.04027777777777778 0.05 0.062037037037037036
0 0.5028645833333333 0.055092592592592596 0.05364583333333333 0.10092592592592593
0 0.5041666666666667 0.1787037037037037 0.051041666666666666 0.12222222222222222
0 0.5609375 0.18333333333333332 0.059375 0.15555555555555556
0 0.6692708333333334 0.18055555555555555 0.12604166666666666 0.1388888888888889
0 0.6096354166666667 0.050462962962962966 0.13489583333333333 0.09351851851851851
0 0.6861979166666666 0.08425925925925926 0.015104166666666667 0.05185185185185185
0 0.7104166666666667 0.08888888888888889 0.03333333333333333 0.06666666666666667
0 0.7145833333333333 0.03796296296296296 0.03229166666666667 0.04259259259259259
0 0.7127604166666667 0.012962962962962963 0.021354166666666667 0.016666666666666666
0 0.81875 0.18981481481481483 0.14895833333333333 0.12777777777777777
0 0.81171875 0.09537037037037037 0.15260416666666668 0.053703703703703705
0 0.8338541666666667 0.02962962962962963 0.18958333333333333 0.05185185185185185
0 0.9635416666666666 0.1648148148148148 0.06770833333333333 0.08333333333333333
0 0.9630208333333333 0.09212962962962963 0.07395833333333333 0.06574074074074074
0 0.9731770833333333 0.03148148148148148 0.05364583333333333 0.040740740740740744
