1 0.5366666666666666 0.365 0.02 0.062
1 0.552 0.373 0.021333333333333333 0.066
1 0.778 0.634 0.428 0.732
0 0.324 0.386 0.14933333333333335 0.224
0 0.44133333333333336 0.391 0.08 0.226
4 0.37333333333333335 0.262 0.23466666666666666 0.516
0 0.27 0.523 0.068 0.078
0 0.3486666666666667 0.587 0.124 0.146
0 0.4513333333333333 0.585 0.07333333333333333 0.138
0 0.59 0.455 0.06533333333333333 0.118
0 0.6193333333333333 0.616 0.236 0.192
0 0.6146666666666667 0.624 0.23466666666666666 0.196
0 0.924 0.54 0.128 0.092
