1 0.28507462686567164 0.832 0.31343283582089554 0.332
1 0.591044776119403 0.838 0.3164179104477612 0.324
0 0.6611940298507463 0.638 0.43283582089552236 0.204
4 0.6701492537313433 0.516 0.43283582089552236 0.424
5 0.13134328358208955 0.738 0.2507462686567164 0.212
0 0.9238805970149254 0.769 0.056716417910447764 0.026
0 0.9343283582089552 0.789 0.05373134328358209 0.022
0 0.7970149253731343 0.788 0.023880597014925373 0.024
0 0.826865671641791 0.789 0.029850746268656716 0.022
0 0.6940298507462687 0.764 0.03880597014925373 0.024
0 0.7104477611940299 0.79 0.03582089552238806 0.016
0 0.8865671641791045 0.749 0.05970149253731343 0.018
