1 0.15020026702269693 0.577 0.27102803738317754 0.758
0 0.26101468624833113 0.434 0.044058744993324434 0.036
0 0.26635514018691586 0.461 0.044058744993324434 0.026
0 0.2650200267022697 0.484 0.04138851802403204 0.024
0 0.2683578104138852 0.507 0.037383177570093455 0.022
0 0.30507343124165553 0.417 0.03871829105473965 0.022
0 0.3090787716955941 0.442 0.036048064085447265 0.024
0 0.308411214953271 0.465 0.037383177570093455 0.018
0 0.3097463284379172 0.486 0.037383177570093455 0.024
0 0.3538050734312417 0.439 0.04005340453938585 0.03
0 0.35714285714285715 0.485 0.03871829105473965 0.026
0 0.35514018691588783 0.507 0.042723631508678236 0.026
0 0.35580774365821094 0.532 0.03871829105473965 0.016
0 0.4218958611481976 0.454 0.03204272363150868 0.028
0 0.42389853137516686 0.477 0.036048064085447265 0.026
0 0.4212283044058745 0.499 0.022696929238985315 0.014
0 0.4212283044058745 0.517 0.028037383177570093 0.018
0 0.4225634178905207 0.536 0.025367156208277702 0.02
0 0.4732977303070761 0.439 0.03337783711615487 0.034
0 0.472630173564753 0.456 0.037383177570093455 0.02
0 0.4753004005340454 0.482 0.03204272363150868 0.024
0 0.5493991989319092 0.448 0.03337783711615487 0.028
0 0.6188251001335113 0.455 0.030707610146862484 0.022
0 0.5934579439252337 0.523 0.036048064085447265 0.026
