1 0.3351012536162006 0.764375 0.14175506268081003 0.47125
0 0.7150433944069431 0.63125 0.5660559305689489 0.3625
8 0.6846673095467696 0.820625 0.6133076181292189 0.29125
0 0.18514946962391515 0.63625 0.07714561234329798 0.0275
0 0.14946962391513982 0.66375 0.04628736740597879 0.0275
0 0.14754098360655737 0.69 0.048216007714561235 0.025
0 0.19961427193828352 0.6625 0.05014464802314368 0.0225
0 0.19864995178399228 0.689375 0.05014464802314368 0.02625
0 0.19623915139826423 0.711875 0.05110896817743491 0.01625
0 0.2507232401157184 0.63375 0.048216007714561235 0.03
0 0.24927675988428158 0.663125 0.04339440694310511 0.01875
0 0.25168756027000966 0.69 0.03857280617164899 0.03
