7 0.29133333333333333 0.84 0.08666666666666667 0.316
1 0.5113333333333333 0.862 0.06266666666666666 0.276
7 0.5873333333333334 0.872 0.04666666666666667 0.192
1 0.7026666666666667 0.78 0.13333333333333333 0.436
1 0.6366666666666667 0.896 0.036 0.096
1 0.6593333333333333 0.887 0.03866666666666667 0.09
7 0.862 0.704 0.236 0.584
1 0.664 0.5 0.024 0.052
1 0.64 0.509 0.021333333333333333 0.038
0 0.31866666666666665 0.706 0.20533333333333334 0.588
0 0.468 0.778 0.10133333333333333 0.436
0 0.5446666666666666 0.803 0.06533333333333333 0.346
0 0.6293333333333333 0.825 0.037333333333333336 0.234
0 0.33066666666666666 0.242 0.152 0.468
0 0.45866666666666667 0.377 0.10133333333333333 0.394
0 0.534 0.499 0.06266666666666666 0.298
0 0.5833333333333334 0.559 0.04933333333333333 0.246
5 0.7806666666666666 0.536 0.31066666666666665 0.744
