7 0.25703125 0.624537037037037 0.1609375 0.5509259259259259
7 0.09375 0.6412037037037037 0.184375 0.7027777777777777
7 0.4276041666666667 0.46620370370370373 0.08333333333333333 0.5342592592592592
7 0.5177083333333333 0.4810185185185185 0.078125 0.600925925925926
7 0.5549479166666667 0.6064814814814815 0.0421875 0.17037037037037037
7 0.6127604166666667 0.5407407407407407 0.0578125 0.5203703703703704
7 0.6059895833333333 0.28888888888888886 0.04114583333333333 0.09814814814814815
7 0.6497395833333334 0.5032407407407408 0.0421875 0.5324074074074074
7 0.7088541666666667 0.5782407407407407 0.08020833333333334 0.6101851851851852
7 0.7026041666666667 0.3819444444444444 0.05416666666666667 0.36574074074074076
7 0.7552083333333334 0.5138888888888888 0.04895833333333333 0.6166666666666667
7 0.8466145833333333 0.625 0.12552083333333333 0.75
7 0.8731770833333333 0.2962962962962963 0.04114583333333333 0.12037037037037036
7 0.9309895833333334 0.3263888888888889 0.0484375 0.06574074074074074
7 0.92265625 0.5875 0.044270833333333336 0.4324074074074074
7 0.9692708333333333 0.5856481481481481 0.06145833333333333 0.6712962962962963
7 0.9854166666666667 0.23148148148148148 0.029166666666666667 0.04814814814814815
2 0.12317708333333334 0.41805555555555557 0.24010416666666667 0.799074074074074
3 0.24375 0.7217592592592592 0.040625 0.06388888888888888
