7 0.09401041666666667 0.6486111111111111 0.18177083333333333 0.6972222222222222
7 0.27630208333333334 0.6504629629629629 0.17864583333333334 0.5675925925925925
7 0.4356770833333333 0.475 0.06927083333333334 0.5425925925925926
7 0.46536458333333336 0.6347222222222222 0.03802083333333333 0.1175925925925926
7 0.41744791666666664 0.27175925925925926 0.019270833333333334 0.023148148148148147
7 0.5098958333333333 0.49027777777777776 0.07708333333333334 0.5935185185185186
7 0.55625 0.5907407407407408 0.04479166666666667 0.1685185185185185
7 0.6096354166666667 0.5439814814814815 0.06614583333333333 0.5509259259259259
7 0.6130208333333333 0.2625 0.026041666666666668 0.05462962962962963
7 0.65 0.49537037037037035 0.05 0.55
7 0.7088541666666667 0.5722222222222222 0.08125 0.6240740740740741
7 0.7088541666666667 0.2986111111111111 0.04791666666666667 0.18611111111111112
7 0.7528645833333333 0.5143518518518518 0.05364583333333333 0.5824074074074074
7 0.84140625 0.6287037037037037 0.10572916666666667 0.7425925925925926
7 0.9291666666666667 0.3685185185185185 0.053125 0.19814814814814816
7 0.9111979166666667 0.5986111111111111 0.033854166666666664 0.4842592592592593
7 0.9716145833333333 0.5893518518518519 0.05572916666666667 0.6805555555555556
7 0.9869791666666666 0.2412037037037037 0.026041666666666668 0.05092592592592592
3 0.24661458333333333 0.7356481481481482 0.0453125 0.0712962962962963
2 0.12239583333333333 0.4097222222222222 0.24166666666666667 0.7972222222222223
0 0.28619791666666666 0.11898148148148148 0.11927083333333334 0.21574074074074073
0 0.2557291666666667 0.3277777777777778 0.04479166666666667 0.18703703703703703
0 0.3424479166666667 0.3375 0.1203125 0.1935185185185185
0 0.30234375 0.018518518518518517 0.021354166666666667 0.02962962962962963
0 0.33046875 0.044444444444444446 0.030729166666666665 0.06481481481481481
0 0.4440104166666667 0.03333333333333333 0.18072916666666666 0.05740740740740741
0 0.4421875 0.10601851851851851 0.18125 0.06759259259259259
0 0.44244791666666666 0.17962962962962964 0.18177083333333333 0.07037037037037037
0 0.6684895833333333 0.03657407407407407 0.19010416666666666 0.06759259259259259
0 0.6669270833333333 0.11388888888888889 0.19114583333333332 0.07407407407407407
0 0.6635416666666667 0.19953703703703704 0.18958333333333333 0.0712962962962963
0 0.7901041666666667 0.15046296296296297 0.015625 0.09351851851851851
0 0.8921875 0.12314814814814815 0.16979166666666667 0.07592592592592592
0 0.8057291666666667 0.2388888888888889 0.014583333333333334 0.08333333333333333
0 0.9044270833333333 0.2263888888888889 0.1703125 0.0712962962962963
