7 0.09427083333333333 0.6462962962962963 0.16354166666666667 0.687037037037037
7 0.28411458333333334 0.6537037037037037 0.21510416666666668 0.5851851851851851
7 0.43828125 0.48842592592592593 0.07864583333333333 0.5212962962962963
7 0.415625 0.2740740740740741 0.0375 0.05740740740740741
7 0.51171875 0.4925925925925926 0.08489583333333334 0.5962962962962963
7 0.54375 0.4625 0.042708333333333334 0.4398148148148148
7 0.6033854166666667 0.5425925925925926 0.0484375 0.5314814814814814
7 0.6153645833333333 0.26296296296296295 0.030729166666666665 0.02962962962962963
7 0.6471354166666666 0.5023148148148148 0.043229166666666666 0.5342592592592592
7 0.7096354166666666 0.5791666666666667 0.07760416666666667 0.6194444444444445
7 0.7005208333333334 0.3037037037037037 0.05 0.19444444444444445
7 0.75703125 0.5180555555555556 0.06510416666666667 0.6212962962962963
7 0.8427083333333333 0.6319444444444444 0.09583333333333334 0.7361111111111112
7 0.8716145833333333 0.2967592592592593 0.049479166666666664 0.10277777777777777
7 0.9140625 0.562962962962963 0.05 0.43703703703703706
7 0.9669270833333333 0.6013888888888889 0.06614583333333333 0.6657407407407407
7 0.9359375 0.3074074074074074 0.07083333333333333 0.07037037037037037
3 0.24479166666666666 0.7310185185185185 0.034375 0.0712962962962963
2 0.12109375 0.4023148148148148 0.22760416666666666 0.7638888888888888
0 0.33828125 0.3439814814814815 0.11927083333333334 0.21574074074074073
0 0.24869791666666666 0.33240740740740743 0.059895833333333336 0.19444444444444445
0 0.28489583333333335 0.11527777777777778 0.12395833333333334 0.2212962962962963
0 0.32786458333333335 0.04490740740740741 0.033854166666666664 0.062037037037037036
0 0.29661458333333335 0.01712962962962963 0.0203125 0.023148148148148147
0 0.44166666666666665 0.03333333333333333 0.184375 0.05740740740740741
0 0.44036458333333334 0.10324074074074074 0.17864583333333334 0.06018518518518518
0 0.440625 0.18333333333333332 0.18645833333333334 0.08703703703703704
0 0.66796875 0.032407407407407406 0.19427083333333334 0.05925925925925926
0 0.6625 0.11342592592592593 0.18854166666666666 0.075
0 0.6614583333333334 0.19907407407407407 0.19479166666666667 0.07962962962962963
0 0.7895833333333333 0.14907407407407408 0.016666666666666666 0.09444444444444444
0 0.8893229166666666 0.11990740740740741 0.17552083333333332 0.0787037037037037
0 0.803125 0.24074074074074073 0.013541666666666667 0.08333333333333333
0 0.90703125 0.24074074074074073 0.18177083333333333 0.0962962962962963
